[0.0, 0.9029, 0.0, 0.0971],
[0.0042, 0.966, 0.0258, 0.004],
[0.3894, 0.4934, 0.0532, 0.064],
[0.0054, 0.8578, 0.0706, 0.0662],
[0.0, 0.6389, 0.3609, 0.0001],
[0.3671, 0.5809, 0.0172, 0.0347],
[0.0091, 0.9763, 0.0145, 0.0],
[0.0388, 0.9462, 0.015, 0.0],
[0.397, 0.6012, 0.0, 0.0017],
[0.0351, 0.9647, 0.0002, 0.0001],
[0.0021, 0.6189, 0.3787, 0.0003],
[0.3595, 0.619, 0.0141, 0.0074],
[0.2312, 0.7618, 0.0, 0.007],
[0.0, 0.935, 0.0649, 0.0001],
[0.0573, 0.9373, 0.0048, 0.0006],
[0.0, 0.7118, 0.1936, 0.0947],
[0.0819, 0.9106, 0.0, 0.0075],
[0.1509, 0.8484, 0.0007, 0.0],
[0.1787, 0.8155, 0.0041, 0.0017],
[0.0407, 0.8751, 0.0031, 0.0811],
[0.1102, 0.8894, 0.0, 0.0003],
[0.0006, 0.9954, 0.0039, 0.0],
[0.2087, 0.7646, 0.0251, 0.0015],
[0.0419, 0.9581, 0.0, 0.0001],
[0.0, 0.7688, 0.0807, 0.1505],
[0.0307, 0.5682, 0.388, 0.0131],
[0.0536, 0.6905, 0.2559, 0.0],
[0.164, 0.7191, 0.1157, 0.0012],
[0.0608, 0.9344, 0.0032, 0.0016],
[0.2498, 0.4138, 0.2777, 0.0587],
[0.2597, 0.4955, 0.2388, 0.0061],
[0.0115, 0.8824, 0.0121, 0.094],
[0.0, 0.5458, 0.4541, 0.0001],
[0.045, 0.893, 0.0617, 0.0003],
[0.0032, 0.4994, 0.1817, 0.3158],
[0.0, 0.9136, 0.0801, 0.0064],
[0.0085, 0.8221, 0.1694, 0.0],
[0.1054, 0.878, 0.0014, 0.0151],
[0.0, 0.8013, 0.1984, 0.0002],
[0.0, 0.9131, 0.0816, 0.0052],
[0.1352, 0.5129, 0.3519, 0.0],
[0.0014, 0.7568, 0.191, 0.0508],
[0.1462, 0.8303, 0.0, 0.0235],
[0.1552, 0.7067, 0.0068, 0.1312],
[0.1274, 0.6443, 0.0903, 0.138],
[0.052, 0.724, 0.1305, 0.0936],
[0.004, 0.9858, 0.0055, 0.0046],
[0.3862, 0.6071, 0.0007, 0.0059],
[0.0, 0.8199, 0.1757, 0.0044],
[0.0127, 0.9521, 0.031, 0.0042],
[0.2663, 0.5291, 0.1932, 0.0114],
[0.0, 0.773, 0.227, 0.0],
[0.0, 0.9981, 0.0019, 0.0],
[0.1968, 0.5341, 0.0435, 0.2256],
[0.0016, 0.9581, 0.008, 0.0323],
[0.0001, 0.9847, 0.0153, 0.0],
[0.0078, 0.6148, 0.0055, 0.3719],
[0.0, 0.5413, 0.2561, 0.2026],
[0.0328, 0.8251, 0.1231, 0.019],
[0.0051, 0.9525, 0.0018, 0.0406],
[0.3336, 0.5357, 0.0002, 0.1305],
[0.2407, 0.7592, 0.0, 0.0001],
[0.002, 0.8768, 0.1187, 0.0025],
[0.4068, 0.5835, 0.0096, 0.0001],
[0.0002, 0.7836, 0.0001, 0.2161],
[0.0221, 0.6406, 0.3372, 0.0001],
[0.2122, 0.7867, 0.0002, 0.0008],
[0.0, 0.9687, 0.0312, 0.0],
[0.0114, 0.6095, 0.0, 0.3791],
[0.2598, 0.4862, 0.0, 0.254],
[0.2829, 0.7039, 0.0019, 0.0114],
[0.0033, 0.7589, 0.0011, 0.2366],
[0.0, 0.8621, 0.0029, 0.135],
[0.0012, 0.9971, 0.0017, 0.0],
[0.0006, 0.5751, 0.0005, 0.4238],
[0.4032, 0.566, 0.0308, 0.0],
[0.0219, 0.9429, 0.0016, 0.0336],
[0.0001, 0.5831, 0.0155, 0.4012],
[0.0174, 0.7622, 0.2199, 0.0005],
[0.0018, 0.9909, 0.0, 0.0073],
[0.0, 0.7348, 0.2651, 0.0],
[0.2118, 0.7779, 0.0001, 0.0102],
[0.084, 0.8586, 0.0314, 0.0261],
[0.0, 0.9917, 0.0083, 0.0],
[0.0719, 0.9012, 0.0042, 0.0227],
[0.0, 0.6923, 0.0001, 0.3076],
[0.2102, 0.6732, 0.057, 0.0596],
[0.0, 0.6272, 0.0138, 0.359],
[0.2156, 0.5443, 0.0339, 0.2063],
[0.0001, 0.9135, 0.0579, 0.0284],
[0.0001, 0.5624, 0.3993, 0.0381],
[0.0009, 0.9798, 0.0193, 0.0],
[0.0083, 0.9917, 0.0, 0.0],
[0.1, 0.4093, 0.1215, 0.3692],
[0.2808, 0.4711, 0.2434, 0.0047],
[0.1051, 0.8949, 0.0, 0.0],
[0.0, 0.5181, 0.4816, 0.0003],
[0.0191, 0.9806, 0.0, 0.0003],
[0.3096, 0.6703, 0.0001, 0.02],
[0.0062, 0.9859, 0.008, 0.0],
