[0.8493, 0.0, 0.0926, 0.0581],
[0.6376, 0.0374, 0.0108, 0.3142],
[0.6034, 0.3963, 0.0001, 0.0002],
[0.8626, 0.0546, 0.0002, 0.0826],
[0.9701, 0.0219, 0.0062, 0.0018],
[0.7717, 0.0143, 0.1902, 0.0238],
[0.4853, 0.4208, 0.001, 0.0929],
[0.8064, 0.0005, 0.1831, 0.01],
[0.7209, 0.0004, 0.2737, 0.005],
[0.6447, 0.0073, 0.02, 0.328],
[0.5507, 0.4493, 0.0, 0.0],
[0.9987, 0.0012, 0.0, 0.0],
[0.6207, 0.3725, 0.0057, 0.0011],
[0.8507, 0.1432, 0.0, 0.0061],
[0.7615, 0.0, 0.0081, 0.2304],
[0.6635, 0.0, 0.0276, 0.3089],
[0.4856, 0.0977, 0.0322, 0.3845],
[0.7989, 0.0236, 0.0351, 0.1425],
[0.44, 0.1638, 0.2892, 0.107],
[0.8093, 0.1172, 0.0314, 0.0421],
[0.9964, 0.0011, 0.0024, 0.0001],
[0.8871, 0.0001, 0.0003, 0.1125],
[0.9874, 0.0, 0.0126, 0.0],
[0.6863, 0.2287, 0.0006, 0.0844],
[0.996, 0.0, 0.0039, 0.0],
[0.664, 0.0172, 0.0, 0.3187],
[0.8051, 0.0093, 0.0281, 0.1574],
[0.992, 0.0003, 0.0, 0.0076],
[0.8688, 0.0257, 0.0931, 0.0124],
[0.5382, 0.4146, 0.0411, 0.0061],
[0.762, 0.0794, 0.0, 0.1586],
[0.5311, 0.0002, 0.4554, 0.0134],
[0.6443, 0.2047, 0.1194, 0.0316],
[0.9232, 0.0136, 0.063, 0.0001],
[0.777, 0.0162, 0.1229, 0.0839],
[0.9675, 0.0186, 0.0, 0.0139],
[0.5378, 0.0261, 0.0077, 0.4284],
[0.4574, 0.1229, 0.4197, 0.0],
[0.5277, 0.0005, 0.0001, 0.4717],
[0.4792, 0.0425, 0.004, 0.4743],
[0.9666, 0.0123, 0.0191, 0.002],
[0.7653, 0.2333, 0.0, 0.0014],
[0.8448, 0.0021, 0.0137, 0.1394],
[0.5148, 0.0111, 0.4737, 0.0004],
[0.6171, 0.0004, 0.1471, 0.2354],
[0.8412, 0.0042, 0.0144, 0.1402],
[0.8872, 0.0073, 0.001, 0.1045],
[0.7116, 0.0, 0.2883, 0.0001],
[0.8443, 0.0, 0.144, 0.0117],
[0.5374, 0.4625, 0.0, 0.0001],
[0.991, 0.0089, 0.0, 0.0],
[0.5725, 0.2919, 0.0391, 0.0965],
[0.8985, 0.0409, 0.0586, 0.002],
[0.867, 0.111, 0.022, 0.0],
[0.8112, 0.1827, 0.0003, 0.0058],
[0.8891, 0.0303, 0.0696, 0.0111],
[0.6061, 0.0002, 0.0655, 0.3282],
[0.9338, 0.015, 0.006, 0.0452],
[0.6221, 0.017, 0.1241, 0.2368],
[0.9517, 0.0006, 0.0192, 0.0285],
[0.8736, 0.0415, 0.0658, 0.019],
[0.4741, 0.0669, 0.0714, 0.3876],
[0.547, 0.143, 0.0131, 0.2969],
[0.6584, 0.0089, 0.1245, 0.2083],
[0.9995, 0.0, 0.0001, 0.0004],
[0.6387, 0.1894, 0.0, 0.1719],
[0.4849, 0.3288, 0.0, 0.1864],
[0.425, 0.0, 0.2797, 0.2953],
[0.6974, 0.001, 0.0188, 0.2829],
[0.7542, 0.0023, 0.0, 0.2434],
[0.7234, 0.0, 0.256, 0.0206],
[0.4777, 0.0567, 0.0257, 0.4399],
[0.8739, 0.0002, 0.0004, 0.1254],
[0.9164, 0.0029, 0.0046, 0.0761],
[0.6946, 0.0965, 0.0005, 0.2085],
[0.9838, 0.0, 0.0162, 0.0],
[0.6115, 0.0041, 0.0018, 0.3826],
[0.9866, 0.0059, 0.0006, 0.0069],
[0.6076, 0.013, 0.0272, 0.3522],
[0.5243, 0.2673, 0.0001, 0.2083],
[0.5512, 0.4462, 0.0026, 0.0],
[0.8725, 0.0046, 0.0424, 0.0805],
[0.9958, 0.0041, 0.0, 0.0],
[0.8374, 0.0, 0.1343, 0.0283],
[0.6961, 0.0, 0.1856, 0.1183],
[0.7024, 0.0002, 0.2919, 0.0055],
[0.5017, 0.0721, 0.4066, 0.0196],
[0.9365, 0.0547, 0.0, 0.0088],
[0.9301, 0.0, 0.0, 0.0699],
[0.5634, 0.0, 0.4359, 0.0007],
[0.7545, 0.0, 0.0004, 0.2451],
[0.585, 0.0, 0.0001, 0.4148],
[0.8452, 0.0128, 0.1228, 0.0191],
[0.9841, 0.013, 0.0, 0.0029],
[0.9228, 0.0721, 0.0051, 0.0],
[0.7576, 0.2225, 0.0198, 0.0],
[0.8663, 0.1035, 0.0, 0.0301],
[0.7417, 0.0006, 0.0255, 0.2321],
[0.6642, 0.0001, 0.1899, 0.1458],
[0.9042, 0.073, 0.0022, 0.0206],
