[0.1573, 0.1948, 0.2083, 0.4396],
[0.0009, 0.1889, 0.4173, 0.3929],
[0.0016, 0.0003, 0.4403, 0.5578],
[0.0, 0.0, 0.7017, 0.2983],
[0.0682, 0.0, 0.6033, 0.3285],
[0.0064, 0.155, 0.1893, 0.6493],
[0.0008, 0.0379, 0.7425, 0.2188],
[0.0, 0.0, 0.2027, 0.7973],
[0.0002, 0.0, 0.0763, 0.9235],
[0.0, 0.1793, 0.4513, 0.3694],
[0.0, 0.0003, 0.9765, 0.0233],
[0.0001, 0.0, 0.3193, 0.6807],
[0.0414, 0.0388, 0.3306, 0.5892],
[0.0, 0.0003, 0.481, 0.5186],
[0.0, 0.0028, 0.0587, 0.9384],
[0.0206, 0.0002, 0.9315, 0.0477],
[0.0001, 0.0403, 0.679, 0.2807],
[0.0, 0.0, 0.9127, 0.0873],
[0.0021, 0.0841, 0.0882, 0.8256],
[0.0997, 0.0, 0.7347, 0.1656],
[0.0, 0.0, 0.2343, 0.7656],
[0.0272, 0.0007, 0.1453, 0.8269],
[0.0032, 0.0007, 0.9572, 0.0389],
[0.0393, 0.0361, 0.0749, 0.8498],
[0.0001, 0.0094, 0.097, 0.8934],
[0.2832, 0.0002, 0.3115, 0.4051],
[0.0065, 0.0203, 0.1057, 0.8675],
[0.0043, 0.0008, 0.7325, 0.2624],
[0.0, 0.0185, 0.2753, 0.7062],
[0.0113, 0.0028, 0.0517, 0.9342],
[0.1871, 0.0045, 0.2285, 0.5799],
[0.1316, 0.0081, 0.2655, 0.5948],
[0.0556, 0.0494, 0.6416, 0.2533],
[0.0324, 0.0004, 0.1112, 0.856],
[0.0321, 0.0041, 0.8872, 0.0766],
[0.0034, 0.0023, 0.9686, 0.0256],
[0.0036, 0.0011, 0.9783, 0.0171],
[0.0208, 0.0061, 0.0907, 0.8824],
[0.0388, 0.0, 0.5778, 0.3833],
[0.0156, 0.0001, 0.2534, 0.7309],
[0.1253, 0.0, 0.2564, 0.6183],
[0.0136, 0.0051, 0.7572, 0.2241],
[0.0005, 0.0, 0.9166, 0.0828],
[0.0264, 0.0005, 0.9462, 0.0269],
[0.0047, 0.0, 0.5499, 0.4454],
[0.0009, 0.0132, 0.4509, 0.535],
[0.0002, 0.0962, 0.2569, 0.6468],
[0.0, 0.0816, 0.4117, 0.5067],
[0.0013, 0.0029, 0.8985, 0.0973],
[0.0007, 0.0037, 0.8453, 0.1503],
[0.023, 0.0005, 0.3018, 0.6747],
[0.0, 0.0155, 0.4274, 0.5571],
[0.0081, 0.0, 0.0686, 0.9233],
[0.0074, 0.0, 0.0592, 0.9334],
[0.0005, 0.0, 0.2397, 0.7597],
[0.0021, 0.0048, 0.7321, 0.261],
[0.0134, 0.0, 0.9091, 0.0775],
[0.0649, 0.0163, 0.702, 0.2168],
[0.0031, 0.0226, 0.7291, 0.2452],
[0.0634, 0.0037, 0.5243, 0.4086],
[0.0081, 0.0, 0.8791, 0.1128],
[0.0081, 0.181, 0.3561, 0.4548],
[0.0425, 0.0041, 0.8398, 0.1136],
[0.1824, 0.0081, 0.6096, 0.1999],
[0.0002, 0.0107, 0.0134, 0.9757],
[0.003, 0.0206, 0.7571, 0.2193],
[0.0002, 0.1198, 0.6494, 0.2305],
[0.0006, 0.0001, 0.0285, 0.9709],
[0.0001, 0.0013, 0.0222, 0.9764],
[0.0, 0.0, 0.0313, 0.9686],
[0.0, 0.0043, 0.7063, 0.2895],
[0.0012, 0.0011, 0.0172, 0.9806],
[0.0544, 0.213, 0.4253, 0.3072],
[0.0211, 0.0147, 0.1411, 0.8231],
[0.0002, 0.0709, 0.1186, 0.8103],
[0.0004, 0.0001, 0.0182, 0.9813],
[0.0, 0.0001, 0.9968, 0.0031],
[0.1858, 0.0661, 0.365, 0.3831],
[0.0, 0.0005, 0.708, 0.2916],
[0.0036, 0.0005, 0.9883, 0.0076],
[0.0, 0.05, 0.587, 0.3629],
[0.0123, 0.0739, 0.6811, 0.2327],
[0.0, 0.0, 0.8463, 0.1537],
[0.0034, 0.0001, 0.1936, 0.8029],
[0.0026, 0.0021, 0.0535, 0.9418],
[0.1382, 0.003, 0.4531, 0.4058],
[0.0024, 0.0002, 0.9692, 0.0282],
[0.0, 0.0565, 0.7442, 0.1994],
[0.0, 0.0, 0.4875, 0.5124],
[0.0, 0.0, 0.9435, 0.0565],
[0.0, 0.0073, 0.9692, 0.0235],
[0.0322, 0.0001, 0.5627, 0.405],
[0.0007, 0.0, 0.0007, 0.9986],
[0.0446, 0.027, 0.6503, 0.2781],
[0.0, 0.1057, 0.434, 0.4603],
[0.0196, 0.0, 0.0927, 0.8877],
[0.0092, 0.0001, 0.0978, 0.8929],
[0.1085, 0.152, 0.4347, 0.3048],
[0.164, 0.1353, 0.2418, 0.4589],
[0.0002, 0.0111, 0.0684, 0.9203],
